     篠栗町



                  資料編
     町勢要覧




●面積/38.93㎢
●距離/東西8,450m（極東）郷の原、（極西）浦高野
    南北7,900m（極北）呑山、
                  （極南）若杉山
●位置/東経：130度31分、北緯：33度37分


          目             次
人口・・・・・・・・・・・・・・・・・・・・・・・・・・・・・・・・・０１
産業・・・・・・・・・・・・・・・・・・・・・・・・・・・・・・・・・０３
通信・運輸・・・・・・・・・・・・・・・・・・・・・・・・・・・・０４
生活環境・・・・・・・・・・・・・・・・・・・・・・・・・・・・・０４
福祉・健康・・・・・・・・・・・・・・・・・・・・・・・・・・・・０５
教育・文化・・・・・・・・・・・・・・・・・・・・・・・・・・・・０７
行政・議会・・・・・・・・・・・・・・・・・・・・・・・・・・・・０９
財政・・・・・・・・・・・・・・・・・・・・・・・・・・・・・・・・・１１
消防・警察・・・・・・・・・・・・・・・・・・・・・・・・・・・・１２
篠栗町公共施設・・・・・・・・・・・・・・・・・・・・・・・１２
篠栗町歴史年表・・・・・・・・・・・・・・・・・・・・・・・１３
人口
■人口・世帯数の推移                                                                                                       基準日：10月1日
                                                                             人口 (人)                             人口密度
         年                面積（㎢）                                                                        世帯数
                                                        総     数                男             女                 （人口／㎢）
  平成17年                            38.90                     31,115            15,205        15,910     11,348     800
  平成18年                            38.90                     31,088            15,167        15,921     11,505     799
  平成19年                            38.90                     31,376            15,303        16,073     11,756     807
  平成20年                            38.90                     31,558            15,381        16,177     11,934     811
  平成21年                            38.90                     31,675            15,420        16,255     12,088     814
  平成22年                            38.90                     31,653            15,397        16,256     12,167     814
  平成23年                            38.90                     31,629            15,398        16,231     12,323     813
  平成24年                            38.90                     31,712            15,450        16,262     12,485     815
  平成25年                            38.90                     31,615            15,390        16,225     12,561     813
  平成26年                            38.90                     31,522            15,294        16,228     12,651     810
                                                                                                          ( 資料：住民基本台帳 )


■行政区別人口                                                       基準日：平成26年10月1日                ■年齢階級（5歳級）男女別人数集計表
                                                                                                                        基準日：平成26年10月1日
区     名 世 帯 数                               男                  女      計
                                                                                              年 齢       計           男        女
城     戸     107                               127                147    274
                                                                                              0～4        1,609         854       755
山     手      79                                97                106    203
                                                                                              5～9        1,684         867       817
山     王      79                               116                113    229
                                                                                             10 ～ 14     1,743         901       842
上     町     345                               364                393    757
                                                                                             15 ～ 19     1,768         902       866
中     町     718                               832                928  1,760
                                                                                             20 ～ 24     1,469         728       741
下     町     658                               747                853  1,600
                                                                                             25 ～ 29     1,603         798       805
高     田     346                               411                465    876
                                                                                             30 ～ 34     2,059       1,023     1,036
金     出     217                               197                248    445
                                                                                             35 ～ 39     2,379       1,170     1,209
萩     尾      57                                68                 81    149
                                                                                             40 ～ 44     2,619       1,306     1,313
大 勢 門       232                               246                273    519
                                                                                             45 ～ 49     2,153       1,066     1,087
新     町     595                               698                753  1,451
                                                                                             50 ～ 54     1,884         929       955
   庄      1,772                             2,101              2,336  4,437
                                                                                             55 ～ 59     1,719         852       867
尾     仲   1,839                             2,357              2,325  4,682
                                                                                             60 ～ 64     2,180       1,051     1,129
若     杉     368                               462                486    948
                                                                                             65 ～ 69     2,016         966     1,050
乙     犬   1,258                             1,519              1,537  3,056
                                                                                             70 ～ 74     1,669         766       903
和     田   1,192                             1,502              1,603  3,105
                                                                                             75 ～ 79     1,178         523       655
津 波 黒       879                             1,065              1,162  2,227
                                                                                             80 ～ 84       890         345       545
田     中     885                             1,004              1,028  2,032
                                                                                             85 ～ 89       582         186       396
明     治     211                               222                247    469
                                                                                             90 ～ 94       238          48       190
池 の 端        87                               109                117    226
                                                                                             95 ～ 99        65          11        54
ベンタナヒルズ     727                             1,050              1,027  2,077
                                                                                              100 ～         15           2        13
  合計     12,651                            15,294             16,228 31,522
                                                                                               合計       31,522      15,294    16,228
                                                            ( 資料：住民基本台帳 )
                                                                                                                          （資料：住民課）

                                                   0          500        1,000     1,500
                                   2        100～       13
                                  11       95～99       54
         男性                      48        90～94            190              女性
                           186             85～89                  396
                        345                80～84                     545
                     523                   75～79                       655
             766                           70～74                            903
         966                               65～69                              1,050
      1,051                                60～64                                1,129
            852                            55～59                           867
          929                              50～54                             955
     1,066                                 45～49                                1,087
1,306                                      40～44                                    1,313
   1,170                                   35～39                                  1,209
      1,023                                30～34                              1,036
             798                           25～29                         805
              728                          20～24                        741
          902                              15～19                          866
          901                              10～14                          842
            867                              5～9                         817
            854                              0～4                        755
1,5000       1,000      500            0                                                                                            1
■人口動態の推移                                                                基準日：4月1日～3月31日
      年           出   生      死   亡      転   入        転   出     婚 姻（件） 離 婚（件）
    平成 17 年            372        262       1,758        1,762     228     87
    平成 18 年            367        245       1,831        1,809     223     83
    平成 19 年            406        244       1,925        1,847     213     95
    平成 20 年            408        231       1,684        1,722     192     64
    平成 21 年            393        243       1,536        1,685     180     69
    平成 22 年            359        228       1,493        1,661     172     75
    平成 23 年            342        257       1,549        1,741     157     72
    平成 24 年            343        271       1,593        1,670     189     69
    平成 25 年            313        265       1,539        1,664     160     74
    平成 26 年            322        259       1,469        1,616     159     72
                                                          ( 資料：住民基本台帳、保健統計年報 )



■各選挙投票状況
                             選挙当日有権者数                      投   票 者 数            投票率
      選   挙   名
                       総 数       男        女         総 数         男         女     （％）
知事選(平19． 4． 8）          24,057  11,538   12,519      13,504     6,271     7,233  56.13
県議選(平19． 4． 8）          24,057  11,538   12,519      13,466     6,256     7,210  55.98
町議選(平19． 4．22）          23,784  11,407   12,377      14,237     6,513     7,724  59.86
参議選(平19． 7．29）          24,333  11,694   12,639      13,830     6,584     7,246  56.84
町長選(平20．11．16）          24,150  11,539   12,611      13,996     6,305     7,691  57.95
衆議選(平21． 8．30）          24,578  11,775   12,803      17,512     8,250     9,262  71.25
参議選(平22． 7．11）          24,631  11,776   12,855      14,354     6,790     7,564  58.28
知事選(平23． 4．10）          24,396  11,654   12,742       8,591     4,026     4,565  35.21
町議選(平23． 4．24）          24,096  11,503   12,593      13,587     6,163     7,424  56.39
町長選(平24．11．18）          24,319  11,647   12,672       9,889     4,554     5,335  40.66
衆議選(平24．12．16）          24,624  11,808   12,816      14,128     6,782     7,346  57.37
参議選(平25． 7．21）          24,648  11,816   12,832      12,319     5,923     6,393  49.98
衆議選(平26．12．14）          24,610  11,733   12,877      12,569     6,038     6,531  51.07
知事選(平27． 4．12）          24,450  11,651   12,799      10,484     4,903     5,581  42.88
県議選(平27． 4．12）          24,449  11,650   12,799      10,434     4,872     5,562  42.68
町議選(平27． 4．26）          24,154  11,523   12,631      12,501     5,734     6,767  51.76
                                                                           ( 資料：住民課 )




2
産業
■就業人口の推移                                   単位：人                                                           単位：人
                                  平成 17 年                                                   平成 22 年
              項目                                                        項目
                            合計      男     女                                           合計      男     女
                    人口総数 30,985 14,952 16,033                                 人口総数 31,318 14,994 16,324
                就業人口総数 14,245       8,368 5,877                           就業人口総数 13,913       7,939 5,974
                     就業率       93      56    37                                就業率       44      53    37
                       農業     151     102    49                              農業，林業      147     101    46
                       林業       6       6     0                               うち農業      141      95    46
                       漁業       0       0     0                                  漁業       0       0     0
                   第1次産業      157     108    49                                         147            46
                                                                             第1次産業              101
                       鉱業       0       0     0
                                                                      鉱業，採石業，砂利採取業        0       0     0
                     建設業    1,473   1,270   203
                                                                                建設業   1,217   1,041   176
                     製造業    1,550   1,051   499
                   第2次産業    3,023   2,321   702                                製造業    1,409     944   465




産業分類別人口
           電気・ガス・熱供給・水道業       33      31     2                              第2次産業    2,626   1,985   641
                  情報通信業       326     232    94                      電気・ガス・熱供給・水道業       69      61     8




                                                          産業分類別人口
                      運輸業   1,639   1,239   400                             情報通信業       266     200    66
                 卸売・小売業     3,213   1,651 1,562                           運輸業，郵便業     1,893   1,372   521
                 金融・保険業       257     105   152                            卸売・小売業     2,943   1,561 1,382
                    不動産業      166     100    66                            金融・保険業       240      90   150
                飲食店， 宿泊業      644     257   387                     不動産業，物品賃貸業          282     179   103
                   医療， 福祉   1,382     336 1,046                     学術研究，専門・技術サービス業     335     237    98
              教育， 学習支援業       600     268   332                      宿泊業，飲食サービス業        733     251   482
             複合サービス事業         137      85    52                      生活関連サービス業，娯楽業      490     191   299
          サービス業（他に分類されないもの) 2,135   1,264   871                         教育，学習支援業        561     237   324
             公務（他に分類されないもの）   497     350   147
                                                                             医療，福祉    1,538     353 1,185
                   第3次産業 11,029     5,918 5,111
                                                                       複合サービス事業          70      42    28
               分類不能の産業         36      21    15
                                                                    サービス業（他に分類されないもの)   992     620   372
                                    （資料：国勢調査）                          公務（他に分類されないもの）   499     332   167
                                                                             第3次産業 10,911     5,726 5,185
                                                                         分類不能の産業        229     127   102
                                                                                              （資料：国勢調査）

■工業の状況                                                                                        単位：個所、
                                                                                                   人、百万円
   項目   平成 17 年 平成 18 年 平成 19 年 平成 20 年 平成 21 年 平成 22 年 平成 23 年 平成 24 年 平成 25 年
  事業所数       22      22      29      27      25      24      25       24     24
  従業者数      959     967   1,074     985     954     952     641      926    949
 現金給与総額   3,768   3,857   4,289   4,102   3,581 359,606 232,431    3,314  3,879
原材料使用額等   6,788   6,926  10,656  10,410   8,979   9,506  10,077   10,142  9,489
製造品出荷額等  14,075  14,416  18,543  17,852  16,364  15,940  14,235   17,810 19,579
                                                                ( 資料：工業統計調査 )


■農業の状況                                      ■商業の状況
            項目       平成 17 年    平成 22 年                      項目                   平成 19 年    平成 24 年
                                                        商店数                              15         34
                                              卸売業
農家数                       310        274
                                                        従業者数                            142        366
          専業               29         17
                                                        年間販売額 ( 万円 )                786,600 13,676,300
          第 1 種兼業           7         11                人口千人当たり商店数                       0.5        1.1
          第 2 種兼業         274        246                商店数                             143         98
                                              小売業
農家人口（林業含む）                828        577                従業者数                          1,017        743
                                                        年間販売額 ( 万円 )              2,142,300 1,979,600
          農業就業人口          263        155
                                                        人口千人当たり商店数
          経営耕地人口          146        118


                                              飲食料品小売業
                                                        商店数                              56       37
          林業就業人口                                        従業者数                            477      371
          漁業就業人口                                        年間販売額 ( 万円 )                694,900  574,800
                                                        人口千人当たり商店数                       1.8      1.2
          林業経営体数                      21
                                                                                     （資料：商業統計調査）
                       ( 資料：農林業センサス )




                                                                                                                 3
通信・運輸
■町内郵便施設数                                                                             平成27年4月1日現在
                                                                  ポスト
    窓口局        簡易郵便局 切手類販売所
                                 1号（丸型）   3号         9号        10号   14号   14号ワイド 篠栗局前 １３号 コンビニ店舗用
           1       1        18      0
                                    （0）        1          11       3     8      2        1       2
                                                                                   ( 資料：篠栗郵便局 )

■JR篠栗線（篠栗駅乗車人員数）                                                                    単位：人
                                     定期
     年度           普通                                       定期計         合計        1日平均
                              通勤          通学
平成 17 年度          409,807     678,326     291,324           969,650   1,379,457     3,779
平成 18 年度          413,687     699,688     277,887           977,575   1,391,262     3,812
平成 19 年度          411,522     706,617     281,529           988,146   1,399,668     3,835
平成 20 年度          409,995     731,443     284,607         1,016,050   1,426,045     3,896
平成 21 年度          410,219     747,087     307,728         1,054,815   1,465,034     4,014
平成 22 年度          427,988     764,775     322,906         1,087,681   1,515,669     4,153
平成 23 年度          456,142     777,284     350,744         1,128,028   1,584,170     4,340
平成 24 年度          456,320     799,150     376,711         1,175,861   1,632,181     4,460
平成 25 年度          463,209     817,503     404,234         1,221,737   1,684,946     4,616
平成 26 年度          457,154     815,493     392,848         1,208,341   1,665,495     4,563
                                                                             （資料：JR 篠栗駅）




生活環境
■水道給水の状況
                                   人口                                  給水量（ｔ）
      年度
                   給水人口          計画給水人口            普及率（％）        1日平均給水量    1人当たり1日平均
    平成17年度           29,634         34,430              95.5          7,953        268
    平成18年度           29,831         34,430              95.5          7,900        265
    平成19年度           30,071         34,430              95.5          7,890        262
    平成20年度           30,235         34,430              95.6          7,747        256
    平成21年度           30,254         34,430              95.6          7,633        252
    平成22年度           30,243         34,430              95.6          7,515        248
    平成23年度           30,172         34,430              95.7          7,438        247
    平成24年度           30,248         34,430              95.7          7,428        246
    平成25年度           30,271         34,430              96.0          7,403        245
    平成26年度           30,306         30,800              96.1          7,261        240
                                                                          （資料：上下水道課）
■下水道の状況
      年度          水洗化人口          行政区域内人口           普及率（％）        整備面積（ｈａ）    整備率（％）
    平成17年度           17,887          31,087             74.3          397.3       78.0
    平成18年度           20,366          31,247             81.4          441.7       86.6
    平成19年度           23,673          31,473             90.5          471.3       92.4
    平成20年度           25,329          31,637             93.9          508.8       99.8
    平成21年度           26,093          31,656             95.7          508.8       99.8
    平成22年度           26,342          31,632             95.7          508.8       99.8
    平成23年度           28,511          31,532             95.8          508.8       99.8
    平成24年度           28,716          31,621             95.8          508.8       99.8
    平成25年度           28,781          31,537             95.9          509.5       99.9
    平成 26 年度         29,000          31,533             96.0          509.5       99.9
                                                                           （資料：上下水道課）
※整備率の算出根拠について
 全体計画認可面積を510haとして算出した。


4
■し尿くみ取り状況                                       単位：kl        ■ごみ処理状況                                              単位：ｔ

       年度             総排出量           1日平均排出量                         年度                 総数           1日平均収集量
 平成 17 年度                   10,624    29.1                      平成 17 年度                    8,927     24
 平成 18 年度                    8,667    23.7                      平成 18 年度                    8,971     25
 平成 19 年度                    6,949    19.0                      平成 19 年度                    8,917     24
 平成 20 年度                    5,972    16.4                      平成 20 年度                    8,590     24
 平成 21 年度                    4,442    12.2                      平成 21 年度                    8,458     23
 平成 22 年度                    3,996    10.9                      平成 22 年度                    8,175     22
 平成 23 年度                    3,811    10.4                      平成 23 年度                    8,199     22
 平成 24 年度                    3,352     9.2                      平成 24 年度                    8,232     23
 平成 25 年度                    3,255     8.9                      平成 25 年度                    8,160     22
 平成 26 年度                    3,432     9.4                      平成 26 年度                    8,131     22
                               （資料：都市整備課）                                                     （資料：都市整備課）




福祉・健康
■国民健康保険給付状況
       世帯数          被保険者数                                                療養諸費（円）                                   一人当たり         その他の給付（円）
年度                           区分     人数
       年間平均          年間平均                    費用総額          保険者負担         一部負担金          他法優先         国保優先         療養諸費（円）      出産育児一時金        葬祭費
                             若人     5,798 1,205,299,150    869,754,300   278,379,864            0    57,164,986     207,882        300,000      30,000
 平成
            4,957     9,697 退職      1,654   651,344,065    485,627,300   147,233,027            0    18,483,738     393,799           47 件       189 件
17年度
                             老人     2,245 2,361,681,118 2,090,049,961    271,631,157            0                  1,051,974     14,100,000   5,670,000
                             若人     5,532 1,125,620,925    818,155,758   254,348,095            0    53,117,072     203,474                     30,000
 平成
            4,979     9,550 退職      1,878   686,550,153    516,751,092   151,148,400            0    18,650,661     365,575           36 件       160 件
18年度
                             老人     2,140 2,364,400,364 2,076,983,208    287,417,156            0                  1,104,860     11,800,000   4,800,000
                             若人     5,393 1,190,324,125    870,154,955   252,523,354            0    67,645,816     220,717                     30,000
 平成
            5,013     9,472 退職      2,033   854,571,657    652,886,875   179,314,013            0    22,370,769     420,350           55 件       166 件
19年度
                             老人     2,046 2,197,392,679 1,923,203,683    274,188,996            0                  1,073,994     19,250,000   4,980,000
                             一般     6,609 1,725,412,620 1,252,943,954    389,459,946    83,008,720                  261,070                     30,000
 平成
            4,005     7,220 退職       611    241,381,738    172,836,282    59,153,889     9,391,567                  395,060           37 件        32 件
20年度
                                                     0                                          0                                13,160,000    960,000
                             一般     6,755 1,995,368,364 1,450,633,929    449,768,693    94,965,742                  295,391                     30,000
 平成
            3,965     7,208 退職       453    170,402,805    119,049,692    45,661,944     5,691,169                  376,165           41 件        37 件
21年度
                                                     0                                          0                                16,710,000   1,110,000
                             一般     6,675 2,014,425,740 1,466,943,954    445,665,420   101,816,366                  301,787                     30,000
 平成
            3,996     7,198 退職       523    196,687,586    137,510,649    53,516,826     5,660,111                  376,076           52 件        38 件
22年度
                                                     0                                          0                                21,740,000   1,140,000
                             一般     6,730 2,171,695,319 1,584,151,048    482,344,075   105,200,196                  322,689                     30,000
 平成
            4,099     7,252 退職       522    208,699,288    146,101,205    57,601,504     4,996,579                  399,807           45 件        46 件
23年度
                                                     0                                          0                                18,750,000   1,380,000
                             一般     6,836 2,145,827,251 1,569,757,468    471,365,631   104,704,152                  313,901                     30,000
 平成
            4,139     7,290 退職       454    175,938,379    123,062,583    48,697,046     4,178,750                  387,529           36 件        46 件
24年度
                                                     0                                          0                                14,945,580   1,380,000
                             一般     6,873 2,378,079,526 1,735,645,485    524,232,585   118,201,456                  346,003                     30,000
 平成
            4,165     7,287 退職       414    166,318,501    116,279,783    44,290,069     5,748,649                  401,736           32 件        29 件
25年度
                                                     0                                          0                                12,397,844    870,000
                             一般     6,788 2,491,794,029 1,817,294,658    560,967,358   113,532,013                  367,088                     30,000
 平成
            4,118     7,096 退職       308    124,208,152     86,765,823    33,131,264     4,311,065                  403,273           40 件        33 件
26年度
                                                     0                                          0                                16,740,000    990,000

                                                                                                                                   （資料：住民課）
■老人特別会計                                                                               単位：人、円
  年度                対象者             費用総額                  老人保険負担分        一部負担金
平成17年度               2,725        2,842,087,329           2,597,525,872 244,561,457
平成18年度               2,600        2,888,558,678           2,631,661,635 256,897,043
平成19年度               2,484        2,685,500,013           2,436,008,655 249,491,358
                                                                       （資料：住民課）
■後期高齢者医療費について                                                                         単位：人、円
  年度                対象者              費用額        １人あたり医療費                      市町村平均
平成20年度               2,594        2,691,809,071    1,058,555                   1,089,428
平成21年度               2,646        2,760,853,989    1,058,677                   1,113,796
平成22年度               2,762        2,875,433,715    1,071,623                   1,146,623
平成23年度               2,848        3,206,117,938    1,151,657                   1,168,072
平成24年度               2,900        3,337,967,559    1,164,035                   1,170,750
平成25年度               3,004        3,433,823,312    1,171,853                   1,181,678
平成26年度               3,116             ―            ―                             ―
                                                                             （資料：住民課）
                                                                                                                                                    5
■国民年金被保険者の推移                                                                       単位：人
                                 第1号被保険者数
     年    度                                                第3号保険者数          合   計
                      強 制           任 意         小 計
    平成 17 年度          データなし         データなし       データなし
                                                 データなし         データなし
    平成 18 年度          データなし         データなし       データなし
                                                 データなし         データなし
    平成 19 年度             4,336          70         4,406
                                                   7,655         3,249
    平成 20 年度             4,302          63         4,365
                                                   7,560         3,195
    平成 21 年度             4,349          47         4,396
                                                   7,507         3,111
    平成 22 年度             4,355          48         4,403
                                                   7,396         2,993
    平成 23 年度             4,223          43         4,266
                                                   7,201         2,935
    平成 24 年度             4,104          37         4,141
                                                   7,002         2,861
    平成 25 年度             3,952          33         3,985
                                                   6,771         2,786
    平成 26 年度             3,780          41         3,821
                                                   6,552         2,731
                                               （資料：住民課）
◎平成17年及び平成18年のデータは、年数が経過していることもあり、当課に関係資料が現存せず、
 また、関係機関に問い合わせても残存されていなかったことにより、【データなし】で記載しています。



■拠出年金及び福祉年金の給付状況
     年度          区分           老齢          障害       合計遺族         老齢福祉
               給付額（千円）       データなし       データなし      データなし
                                                  データなし         データなし
 平成 17 年度
                 人数          データなし       データなし      データなし
                                                  データなし         データなし
               給付額（千円）       データなし       データなし      データなし
                                                  データなし         データなし
 平成 18 年度
                 人数          データなし       データなし      データなし
                                                  データなし         データなし
               給付額（千円）       データなし       データなし      データなし
                                                  データなし         データなし
 平成 19 年度
                 人数          データなし       データなし      データなし
                                                  データなし         データなし
               給付額（千円）       3,039,009    334,513     62,643
                                                  3,436,165     データなし
 平成 20 年度
                 人数              4,777        371         88
                                                      5,236     データなし
               給付額（千円）       3,208,617    341,994     57,401
                                                  3,611,258       3,246
 平成 21 年度
                 人数              5,004        381         80
                                                      5,473           8
               給付額（千円）       3,335,582    345,149     52,478
                                                  3,735,238       2,029
 平成 22 年度
                 人数              5,169        386         72
                                                      5,632           5
               給付額（千円）       3,493,162    348,213     44,828
                                                  3,887,820       1,617
 平成 23 年度
                 人数              5,392        391         63
                                                      5,850           4
               給付額（千円）       3,727,410    357,863     46,083
                                                  4,131,356           0
 平成 24 年度
                 人数              5,716        405         63
                                                      6,185           1
               給付額（千円）       3,896,411    358,294     53,542
                                                  4,308,247           0
 平成 25 年度
                 人数              5,987        409         77
                                                      6,474           1
               給付額（千円）       4,085,128    345,958     53,541
                                                  4,484,627           0
 平成 26 年度
                 人数              6,285        399         78
                                                      6,763           1
                                                （資料：住民課）
◎平成17年～平成19年の全データと平成20年の老齢福祉のデータは、年数が経過していることもあり、当課に関係資
 料が現存せず、  また、
            関係機関に問い合わせても残存されていなかったことにより、【データなし】で記載しています。




■被保護世帯数及び人員の推移                                                            各年度末時点
              被保護     被保護                     開 始                   廃 止
    年度                      申請（件）取下（件）却下（件）
              世帯数      人員                   世帯数  人 員              世帯数  人 員
平成 17 年度        286     433    56   13    5   40    75              37   61
平成 18 年度        292     457    67   26    3   37    72              33   44
平成 19 年度        302     478    52    8    3   40    73              27   46
平成 20 年度        326     522    68   17    7   44    84              23   29
平成 21 年度        363     595    95   17    6   71   119              33   45
平成 22 年度        360     595    67   15    2   49    88              45   58
平成 23 年度        358     592    67   23    7   38    72              40   69
平成 24 年度        370     601    66   16    2   47    82              39   59
平成 25 年度        391     631    69   24    4   45    78              28   51
平成 26 年度        390     624    63   27    1   35    58              45   74
                                                                   （資料：福祉課）




6
■医療施設数及び病床数                ■オアシス篠栗利用状況                                 平成27年3月31日現在
            平成27年3月31日現在                                                        単位：人
   区分    医療施設数 病床数           年度         交流部門        福祉部門       保健部門         巡回バス
   病院        4   906       平成 17 年度       213,848     15,483     35,175       54,338
   医院        9     8       平成 18 年度       203,740     12,807     30,360       52,652
介護老人保健施設     2   155       平成 19 年度       227,681     13,935     38,978       55,927
  歯科医院       9     0       平成 20 年度       228,471     14,702     46,981       60,489
            （資料：健康課）       平成 21 年度       230,542     17,233     62,264       55,978
                           平成 22 年度       239,126     16,375     50,408       58,563
                           平成 23 年度       241,485     18,275     52,035       61,359
                           平成 24 年度       240,969     14,808     49,588       58,194
                           平成 25 年度       229,073     14,772     41,550       56,127
                           平成 26 年度       233,723     15,428     45,576       54,847
                             合計         3,644,809    227,175    651,641      790,300
                                                                          （資料：健康課）
                           ※交流部門…食券・電子浴・トレーニング・広間・カラオケ・風呂
                           ※福祉部門…ディサービス・和室・団体室
                           ※保健部門…研修室・視聴覚室・健康相談室・栄養指導室・会議室・
                                 ふれあい工作室・のびのびルーム




教育・文化
■幼稚園                                                                   （各年5月1日現在）
           篠栗幼稚園             勢門幼稚園               北勢門幼稚園
  年度                                                               幼児数合計 学級数合計
         幼児数    学級数        幼児数   学級数           幼児数    学級数
平成18年度     119         5     176          6        80          4      375   15
平成19年度       97        4     159          6        80          4      336   14
平成20年度     125         5     162          6        98          4      385   15
平成21年度     125         4     170          6        93          4      388   14
平成22年度       85        3     164          6        84          4      333   13
平成23年度       73        3     144          5        91          4      308   12
平成24年度     136         6     153          6       103          4      392   16
平成25年度     129         6     170          6       112          4      411   16
平成26年度     109         6     157          6        96          4      362   16
平成27年度     134         6     132          6        83          4      349   16
                                                                    （資料：学校教育課）


■小学校                                                                   （各年5月1日現在）
           篠栗小学校        萩尾分校            勢門小学校        北勢門小学校
  年度                                                           児童数合計 学級数合計
         児童数   学級数    児童数   学級数       児童数   学級数     児童数   学級数
平成18年度     527   18       8     3       946   29      692   20   2,173   70
平成19年度     547   19       7     3       945   28      689   21   2,188   71
平成20年度     518   18       7     3       923   28      708   21   2,156   70
平成21年度     491   17       9     3       912   28      687   22   2,099   70
平成22年度     503   18       9     3       881   28      690   22   2,083   71
平成23年度     477   18       9     3       910   30      705   24   2,101   75
平成24年度     461   17       9     3       867   29      698   25   2,035   74
平成25年度     449   16       9     3       858   30      695   24   2,011   73
平成26年度     474   18       9     3       860   29      703   24   2,046   74
平成27年度     465   17       8     3       885   30      685   24   2,043   74
                                                               （資料：学校教育課）




                                                                                  7
■中学校                                                              （各年5月1日現在）
                    篠栗中学校              篠栗北中学校
     年度                                           生徒数合計 学級数合計
                  生徒数   学級数           生徒数   学級数
 平成18年度             652   20            318     9     970   29
 平成19年度             673   19            325     9     998   28
 平成20年度             701   21            323   10    1,024   31
 平成21年度             727   22            349   11    1,076   33
 平成22年度             735   22            356   11    1,091   33
 平成23年度             723   22            362   11    1,085   33
 平成24年度             705   22            339   11    1,044   33
 平成25年度             690   21            325   11    1,015   32
 平成26年度             672   21            321   11      993   32
 平成27年度             651   21            341   12      992   33
                                                    （資料：学校教育課）

■図書館利用状況                                                                                                 単位：冊
                                            蔵   書                                                   町民一人当
     年度                                                                         貸出        登録者数
                  一般書          児童書          雑誌          ＡＶ           計                              たり貸出数
平成17年度             72,194       30,367      13,632       4,538      120,731     212,898     19,321     6.9
平成18年度             72,217       30,448      11,862       4,578      119,105     219,169     20,929     7.0
平成19年度             47,013       28,975       6,253       4,237       86,478     239,577     22,147     7.6
平成20年度             51,849       29,643       7,173       4,343       93,008     261,737     23,398     8.3
平成21年度             54,474       30,625       7,647       4,499       97,245     265,470     24,504     8.4
平成22年度             56,715       31,493       8,164       4,579      100,951     253,879     25,536     8.0
平成23年度             57,086       31,609       8,234       4,582      101,511     251,541     25,738     8.0
平成24年度             60,795       32,936       8,634       4,758      107,123     244,567     27,534     7.7
平成25年度             62,597       33,472       8,902       4,860      109,831     229,408     28,472     7.3
平成26年度             63,812       33,773       9,158       4,917      111,660     220,135     29,290     7.0
                                                                                                 （資料：図書館）



■クリエイト篠栗利用状況                                                                 単位：人
                    研修棟利用人数                        ホール棟          合計
     年度
                  ギャラリー    会議室等                 利用回数   利用人数     利用人数
平成17年度               7,241   96,021                331   43,440  146,702
平成18年度               4,054   94,369                315   41,858  140,281
平成19年度               3,420  103,519                450   45,468  152,407
平成20年度               5,771  103,202                462   45,563  154,536
平成21年度               5,620   90,835                642   42,009  138,464
平成22年度               4,973   91,746                578   49,289  146,008
平成23年度               2,122   85,837                557   43,822  131,781
平成24年度               1,615   90,773                580   40,542  132,930
平成25年度               1,370   94,410                612  49,748   145,528
平成26年度                 850   86,151                576  49,828   136,829
                                                            （資料：社会教育課）



■社会体育施設利用状況                                                                                                   単位：人
           篠栗中学校           篠栗北中学校   篠栗小学校            勢門小学校         北勢門小学校                      合併50周年
    年度                                                                          町民体育館 社会体育館           町営プール 武道館
          体育館 グラウンド グラウンド 体育館 グラウンド 体育館 グラウンド 体育館 グラウンド                                        記念体育館
平成17年度    2,277    6,154 11,589 15,606      9,898 21,561 18,086 10,875 25,058 36,015 21,949 62,979      3,979 17,489
平成18年度    3,131    5,849 10,736 20,450 14,266 23,230 20,204 17,840 30,052 41,644 26,231 74,500          4,334 20,488
平成19年度    3,472    6,052 14,845 13,252 15,162 14,253 20,512 18,002 21,854 37,922 20,421 77,680          5,332 20,839
平成20年度    4,406    4,862    7,686 13,770 11,301 16,691 20,887 20,704 20,096 36,255 22,544 75,533        4,682 21,283
平成21年度    3,345    3,165    4,153 12,866    9,558 13,927 22,394 14,767 18,831 26,840 16,671 66,898      6,025 24,760
平成22年度    2,132    3,270    6,675 11,840    7,974 14,333 26,486 11,042 14,086 18,917 18,157 71,557      7,948 25,091
平成23年度    2,308    2,080    5,706   9,565   8,306 10,970 14,780    6,011 12,256 27,159 19,115 75,527    5,840 18,456
平成24年度    2,200    3,646    4,725   9,063   7,938   6,156 15,193   7,155   9,052 22,739 13,062 66,010   4,888 17,756
平成25年度    2,088    3,075    6,143   9,088   5,610   8,779 16,730 11,488 11,958 26,573 15,953 71,615     5,848 21,015
平成26年度    2,354    2,549    8,274   8,908   4,971   8,510 12,002 20,580    9,611 29,442 16,661 82,568   1,167 31,971
                                                                                                  （資料：社会教育課）
8
■カブトの森公園利用状況                          単位：人
               総合運動公園（カブトの森公園）
  年度
            野球場      多目的グラウンド   テニスコート
平成17年度        18,607     21,924     37,394
平成18年度        16,447     23,754     39,006
平成19年度        19,834     26,214     35,131
平成20年度        19,895     25,207     36,395
平成21年度        18,578     21,344     33,927
平成22年度        16,646     29,598     31,526
平成23年度        13,219     28,212     29,591
平成24年度        13,551     28,424     30,354
平成25年度        14,078     28,885     28,655
平成26年度        12,141     26,918     27,923
                              （資料：社会教育課）


■文化財一覧
     項目           指定年月日             名称        因数     所在地    管理者（団体）
  県指定有形文化財      昭和32年 8月13日      木造不動明王像      1躯    大字若杉      金剛頂院
  県指定有形文化財      昭和32年 8月13日        石造狛犬       1対    大字若杉      太祖神社
  県指定無形文化財      昭和35年 4月12日        太祖神楽        ―    大字若杉    太祖神楽保存会
県指定民俗有形文化財      昭和37年 7月26日  木造庚申尊天立像、両脇侍共    3躯    大字篠栗       遍照院
  県指定天然記念物      昭和53年 3月25日     太祖神社の大スギ      2本    大字若杉      太祖神社
  県指定有形文化財      平成11年 3月19日     木造千手観音立像      1躯  九州歴史資料館    若杉霊峰会
  県指定有形文化財      平成11年 3月19日    木造阿弥陀如来立像      1躯  九州歴史資料館    若杉霊峰会
  県指定有形文化財      平成17年 2月23日  木造不動明王及二童子立像     3躯  九州歴史資料館       個人
  町指定天然記念物      昭和59年 7月29日         大樟        1本    大字尾仲      老松神社
  町指定天然記念物      平成 6 年10月 1日        大樟        1本    大字尾仲      老松神社
  町指定天然記念物      平成18年 2月 1日     萩尾神社の社叢林      1叢    大字萩尾      萩尾神社
  町指定天然記念物      平成18年 2月 1日    金出豊満宮の社叢林      1叢    大字金出       宝満宮
  町指定天然記念物      平成18年 2月 1日 金出天神森の大樟（1号木、2号木） 2本    大字金出       宝満宮
  町指定有形文化財      平成18年 2月 1日   若杉向ノ山経塚出土品      1式 篠栗町歴史民俗資料室    篠栗町
  県指定天然記念物      平成26年 3月14日     篠栗の埋没化石林     447㎡  大字津波黒      篠栗町
町指定史跡名勝天然記念物    平成26年 4月 1日        石井坊        １坊    大字若杉       個人
                                                       （資料：歴史民俗資料室）




行政・議会
■町職員数                                                             平成27年4月1日現在
                                                                       （単位：人）

                 総数       行政職の職員 労務職の職員     保育士   保健師・看護士 所長・園長・館長     教諭
       区分
             計 男       女 計 男 女 計 男 女 計 男 女 計 男 女 計 男 女 計 男 女
 町長事務部局の職員 122 89      33 113 88 25  1 1 0 0  0 0  8  0  8 0  0   0  0  0  0
  議会事務局の職員     3   2    1   3   2  1 0 0 0 0  0 0  0  0  0 0  0   0  0  0  0
選挙管理委員会事務部局員   1   1    0   1   1  0 0 0 0 0  0 0  0  0  0 0  0   0  0  0  0
農業委員会事務部局員     1   1    0   1   1  0 0 0 0 0  0 0  0  0  0 0  0   0  0  0  0
教育委員会事務部局員 25 10       15 14 10    4 0 0 0 0  0 0  0  0  0 0  0  0 11   0 11
   保育所職員       7   1    6   0   0  0 0 0 0 6  0 6  0  0  0 1  1  0   0  0  0
     計       159 104   55 132 102 30 1 1 0 6  0 6  8  0  8 1  1   0 11  0 11
                                                                  （資料：総務課）




                                                                           9
■篠栗町の行政概要                                                          平成27年4月1日現在
     課（施設）名       係名      課（施設）名         係名          課（施設）名           係名
                 総務係       健康課          健康係                         学校教育係
      総務課
                消防防災係                   福祉係                         篠栗小学校
                 財政係                  高齢者支援係                        勢門小学校
                           福祉課
                 管財係                  障害者支援係                       北勢門小学校
      財政課



                                                   教育委員会
                 契約係                 地域包括支援係               学校教育課   篠栗中学校
              情報システム推進係               こども育成係                       篠栗北中学校
                          こども育成課
      会計課        会計係                    児童係                         篠栗幼稚園
                 企画係      栗の子保育園                                    勢門幼稚園
 まちづくり課         広報広聴係                  農林業係                        北勢門幼稚園
                          産業観光課
                 統計係                  商工観光係                         社会教育係
                賦課第1係                 都市整備係                         文化財係
                                                           社会教育課
      税務課       賦課第2係     都市整備課       都市計画係                         図書館係
                 徴収係                   環境係                         社会体育係
                戸籍住民係                  総務係          議会事務局
                          上下水道課
               国保・年金係                  業務係         選挙管理委員会
      住民課
              高齢者・公費医療係                             農業委員会
                 選挙係                                               （資料：総務課）




■歴代町長                                         ■歴代議長
歴代       氏名        就任年月日         退任年月日        歴代         氏名          就任年月日
 初    井上 新左衛門    昭和30年 5月 1日   昭和34年 4月30日    初        大 上  磐      昭和30年 5月10日
 2    井上 新左衛門    昭和34年 5月 1日   昭和38年 4月30日     2       荒巻 安五郎      昭和33年 7月25日
 3    井上 新左衛門    昭和38年 5月 1日   昭和42年 4月30日     3       長  国 雄      昭和34年 5月10日
 4    藤    岩 雄   昭和42年 5月 1日   昭和46年 4月30日     4       長  国 雄      昭和38年 5月10日
 5    藤    岩 雄   昭和46年 5月 1日   昭和50年 4月30日     5       長  国 雄      昭和42年 5月 8日
 6    藤    岩 雄   昭和50年 5月 1日   昭和54年 4月30日     6       松田 重三       昭和46年 5月 7日
 7    松田    重三   昭和54年 5月 1日   昭和55年10月14日     7       松田 重三       昭和50年 5月 9日
 8    長澤    茂樹   昭和55年11月30日   昭和59年11月29日     8       今長谷 栄蔵      昭和54年 5月 9日
 9    深澤    祐次   昭和59年11月30日   昭和63年11月29日     9       今長谷 栄蔵      昭和58年 5月 6日
10    深澤    祐次   昭和63年11月30日   平成 4年11月29日    10       今長谷 栄蔵      昭和62年 5月11日
11    深澤    祐次   平成 4年11月30日   平成 8年11月29日    11       松田 正久       平成 3年 5月10日
12    横山    久義   平成 8年11月30日   平成12年11月29日    12       松田 正久       平成 7年 5月10日
13    横山    久義   平成12年11月30日   平成16年11月29日    13       古屋 修助       平成 8年12月13日
14    三 浦    正   平成16年11月30日   平成20年11月29日    14       臼井 徳義       平成11年 5月12日
15    三 浦    正   平成20年11月30日   平成24年11月29日    15       今泉 正敏       平成15年 5月12日
16    三 浦    正   平成24年11月30日                  16       今泉 正敏       平成19年 5月 8日
                                   （資料：総務課）   17       今泉 正敏       平成23年 5月10日
                                              18       阿部 寛治       平成27年 5月13日
                                                                   （資料：議会事務局）




10
財政
■歳入決算額                                                                                                                       単位：千円
   歳入         平成17年度 平成18年度 平成19年度 平成20年度 平成21年度 平成22年度 平成23年度 平成24年度 平成25年度 平成26年度
    地方税       2,608,364   2,656,096   3,038,440   3,060,589    3,016,671   2,931,279   2,963,508   3,070,893    3,058,076   3,025,739
   地方譲与税        201,916     323,374      95,801      91,828       85,862      83,630      81,387      76,241       72,452      68,900
  利子割交付税         16,931      12,062      16,014      16,150       13,648      13,103       9,645       8,051        7,850       7,635
  配当割交付金          7,711      11,186      12,707       4,490        3,952       5,194       6,034       6,234       13,075      24,322
株式譲渡所得割交付金        9,911       8,719       8,346       1,793        2,222       1,784       1,495       1,603       19,699      13,578
 地方消費税交付金       215,797     235,083     238,436     232,150      247,068     246,643     249,328     251,071      248,932     312,968
  自動車交付金         57,078      57,470      53,621      44,857       30,479      22,757      20,642      27,561       24,489      10,896
 地方特例交付金         90,849      73,516      24,851      51,341       51,355      52,189      40,309      17,256       16,076      15,457
   地方交付税      2,689,150   2,564,710   2,619,425   2,671,467    2,641,212   2,760,857   2,824,492   2,889,722    2,821,263   2,733,157
 交通安全交付金          5,842       6,098       5,808       5,181        5,258       5,194       5,165       5,279        5,286       4,713
  分担金・負担金       110,737     111,110     176,246     177,656      187,825     178,471     170,592     162,933      176,019     200,072
     使用料        112,998     118,713     115,843     119,254      124,508     121,024     122,070     128,579      127,327     129,459
     手数料        105,352      99,886      66,303      63,256       59,713      66,440      69,552      71,347       74,362      69,676
   国庫支出金        389,373     385,744     414,438     554,924    1,266,701   1,055,175     919,284     822,393      794,301     969,324
    県支出金        371,523     345,822     424,107     479,546      540,040     626,219     594,366     642,172      638,848     732,954
    財産収入          6,167      67,517      39,358      28,425       30,133      34,761      56,993      31,604       57,250      96,461
    寄付金           2,060         300       3,600      72,125        3,250         573         531         950          480       1,598
    繰入金          80,170     136,917   1,602,751     312,000      350,000     117,000      24,300      24,622      796,108     300,000
    繰越金         358,552     560,948     465,347     214,308      147,682     271,082     346,940     533,700      277,508     406,429
    諸収入         159,193     211,661      61,418     218,490      251,188     385,266     342,014     869,088      110,029      63,969
    地方債         587,100     404,600     317,201     285,678      648,525     849,783     657,466     941,190      582,209     611,691
  歳入合計        8,186,774   8,391,532   9,800,061   8,705,508    9,707,292   9,828,424   9,506,113   10,582,489   9,921,639   9,798,998
                                                                                             （資料：財政課              地方財政状況調査）

■歳出決算額                                                                                                                       単位：千円
   歳出         平成17年度 平成18年度 平成19年度 平成20年度 平成21年度 平成22年度 平成23年度 平成24年度 平成25年度 平成26年度
   人件費        1,358,220   1,331,644   1,317,489   1,276,837    1,473,642   1,436,427   1,451,115   1,435,632    1,395,532   1,412,275
   扶助費          985,132   1,034,568   1,147,954   1,166,928    1,678,323   1,615,003   1,643,067   1,601,322    1,646,821   1,796,802
   公債費          846,337     882,014   1,239,405   1,221,874    1,395,254   1,218,122   1,402,133   1,908,786    1,918,311   1,197,891
   物件費        1,617,471   1,544,181   1,543,963   1,466,456    1,305,326   1,365,319   1,359,362   1,344,418    1,382,710   1,614,716
  維持補修費          50,250      57,090      66,425      38,003       34,120      38,334      44,893      46,024       32,014      48,813
   補助費等       1,002,615   1,113,602   1,092,687   1,168,762    1,229,135   1,151,892   1,105,095   1,175,497    1,220,362   1,454,345
 普通建設事業費        813,256   1,077,605     669,078     865,911      868,072   1,104,857     726,251   1,137,544      612,467     767,677
 災害復旧事業費          3,613      13,981           0         352      435,109     368,309      63,778       7,220        9,347       9,243
 失業対策事業費              0           0           0           0            0           0           0           0            0           0
   繰出金          899,245     846,403     876,035   1,123,768      967,170   1,128,089     996,617   1,046,277      996,129     932,586
   積立金           26,130       2,403   1,609,370     203,017       23,478      28,673     162,760     583,069      282,072     150,882
投資・出資・貸付金        23,557      22,694      23,348      25,918       26,581      26,459      17,342      19,192       19,445      16,970
  歳出合計        7,625,826   7,926,185   9,585,754   8,557,826    9,436,210   9,481,484   8,972,413   10,304,981   9,515,210   9,402,200
                                                                                             （資料：財政課              地方財政状況調査）

■町公有財産物件                                                 （参考）
    名称           土地（㎡） 建物延べ床面積（㎡）                                          名称          土地（㎡） 建物延べ床面積（㎡）
    本庁舎              4,903                   4,633                    若杉集会場                2,488                      101
 クリエイト篠栗            23,077                   6,077                    乙犬集会場                  766                       91
  オアシス篠栗            11,246                   7,968                   和田団地集会場                 378                      100

                                                              集会場
   町民体育館             3,639                   2,117                  和田松浦台集会場                 380                      147
   社会体育館             3,805                   3,384                  和田浦高野集会場                 139                       79
合併50周年記念体育館          4,637                   2,877                    尾仲大柳集会場              1,151                      104
 カブトの森公園           146,643                   1,123                   津波黒集会場                  302                      108
    武道館              1,993                     721                    中町集会場                  371                       99
 歴史民俗資料室             1,913                     999                  尾仲花水木集会場                 141                      104

                                                              児童館
  町立図書館                                        726                   すぎのこ児童館               3,055                      824
   町営住宅               4,498                  2,442                   たけのこ児童館               2,004                      886
  集会場（９）              6,116                    933                   やまばと児童館               1,306                      491
                                                                       篠栗小学校              16,221                    6,989

                                                              小学校
   児童館（３）             6,365                  2,201
 小・中学校（６）            74,031                 24,127                  篠栗小学校萩尾分校              4,456                      988
   幼稚園（３）            22,203                  3,915                    勢門小学校               25,138                    8,362
  栗の子保育園              6,792                  2,063                   北勢門小学校               28,216                    7,788

                                                              中学校
 中央立体駐車場              5,754                  2,898                    篠栗中学校               24,676                    9,516
    駐輪場               4,823                  5,754                   篠栗北中学校               32,062                    6,675

                                                              幼稚園
 天空会館鉄閣寺              3,856                  2,273                     篠栗幼稚園               9,232                    1,617
                                                                       勢門幼稚園               8,560                    1,663
                                  （資料：財政課）
                                                                      北勢門幼稚園               4,411                      635
                                                                                                       （資料：財政課）
                                                                                                                                    11
消防・警察
■犯罪発生状況                                                                     単位：件
     年     総数      凶悪犯         粗暴犯       窃盗犯       知能犯        風俗犯       その他
 平成17年       396          1         14       300         13         2        66
 平成18年       456          5          5       366         14         5        61
 平成19年       333          0         10       261          8         0        54      注１ 「凶悪犯」～殺人、強盗、放火、強姦
 平成20年       417          0          8       351          5         1        52       ２ 「粗暴犯」～暴行、脅迫、恐喝等
 平成21年       402          0         23       326          9         2        42       ３ 「窃盗犯」～車上ねらい、自転車盗、
 平成22年       337          1         13       255          9         2        57          空き巣等
 平成23年       232          4         10       179          3         2        34       ４ 「知能犯」～詐欺、横領、通貨偽造等
 平成24年       253          5         13       173          4         5        53       ５ 「風俗犯」～賭博、強制わいせつ、
 平成25年       274          3         13       194          6         7        51         公然わいせつ等
 平成26年       275          2         20       202          6         2        43       ６ 「その他」～占有離脱物横領、
                                         （資料：福岡県警察・粕屋地区防犯協会）                            器物損壊等


■交通事故発生状況                           ■火災発生件数
     年   発生件数    死者       負傷者                                                                 焼失面積（㎡）
                                                                    発生件数
 平成18年     184        2       241        年         合計                                        焼損建物
 平成19年     183        0       235                                                                     林野
                                                          建物       林野       車両       その他    棟   面積（㎡）
 平成20年     166        5       203    平成18年           9         5        0        1      3     7   516.9    0
 平成21年     180        0       244    平成19年           7         6        0        1      0     6   129.0    0
 平成22年     173        1       245    平成20年           6         4        0        1      1     8   228.0    0
 平成23年     198        1       278    平成21年           7         4        0        3      0     4    60.0    0
 平成24年     190        1       258    平成22年           3         1        0        2      0     1    10.0    0
 平成25年     185        1       244    平成23年           9         7        0        2      0    16   403.0    0
 平成26年     166        1       228    平成24年          10         8        0        2      0    11   459.0    0
（資料：福岡県警察・粕屋地区交通安全協会）                平成25年          11         7        0        1      3     7   129.0    0
                                     平成26年           7         5        0        1      1    12   153.0    0
                                                                              （資料：粕屋南部消防組合中部消防署）




公共施設                                                    ■町の施設
                                                                施設
                                                            クリエイト篠栗
                                                                          住所（篠栗町大字） 電話番号
                                                                            尾仲47-1   948-2222
                                                            篠栗町立図書館         尾仲47-1   948-3333
■町内官公署                                                       オアシス篠栗          田中1-1   947-8888
       施設       住所（篠栗町大字）             電話番号               篠栗町歴史民俗資料室         篠栗4754   947-1790
篠栗町役場            篠栗4855-5            947-1111               カブトの森公園         若杉1091   948-1000
福岡県社会教育総合センター    金出3350-2            947-3511              篠栗町社会体育館         津波黒498   947-1780
福岡県教育センター          高田268             947-0079               篠栗町民体育館         尾仲681-1  947-3295
福岡県鳴淵・猪野ダム管理出張所  篠栗3172-92           947-4896            合併50周年記念体育館        篠栗4755   947-7800
JR篠栗駅            篠栗4793-1            947-0043                  武道館         篠栗4675-2
篠栗郵便局             尾仲65-1             947-0042                 篠栗幼稚園        金出3562-1  947-0702
松浦台簡易郵便局         和田940-119           947-6025                 勢門幼稚園          尾仲875   947-2589
福岡県警察自動車警ら隊       田中300-1            948-1110                北勢門幼稚園         津波黒537   947-3100
福岡県警察交通機動隊        田中300-1            948-4110                 篠栗小学校         篠栗5026   947-0041
粕屋警察署篠栗交番        篠栗4873-1            947-0110             篠栗小学校萩尾分校          萩尾641   947-6167
糟屋郡篠栗町外一市五町財産組合  篠栗4910-2            947-0073                 勢門小学校          尾仲671   947-0538
九州大学農学部附属演習林      津波黒394             948-3101                北勢門小学校         津波黒497   947-3367
クリーンパークわかすぎ      若杉779-18            947-5304                 篠栗中学校         篠栗4727   947-0536
福岡県建設技術情報センター     田中315-1            947-2591                篠栗北中学校         津波黒498   947-5675
                                                             栗の子保育園          田中246   947-0007
                                                            やまばと児童館        篠栗4290-1  947-7047
■団体                                                         すぎのこ児童館         和田486-1  947-6554
      名称           住所（篠栗町大字） 電話番号                           たけのこ児童館         尾仲709-1  947-7252
篠栗町社会福祉協議会            田中 1-1  947-7581                     篠栗町第1浄水場         篠栗3731   947-0701
篠栗町ボランティアセンター         田中 1-1  947-7101                     篠栗町第2浄水場         和田129-1  947-4803
篠栗町商工会               尾仲 43-7  947-4141                       城戸浄水場          篠栗888-2
篠栗町観光協会             篠栗4789-20 947-1880                        町営住宅         金出3418-1
                                                           篠栗町観光案内所        篠栗4789-20 947-1880
12                                                       篠栗町葬祭場（天空会館 鉄閣寺）   篠栗3037   948-4443
歴史年表
  年     月                       項      目
明治22年       4月   村制施行（篠栗・金出・高田・萩尾の４ヵ村が合併して篠栗村となる。尾仲・若杉・乙
                 犬・和田・津波黒・田中の６ヵ村が勢門村となる）
明治37年       6月   国鉄篠栗線開通（吉塚～篠栗）
明治45年            明治鉱業株式会社高田炭坑創業（以来昭和になって田丸鉱業、大栄鉱業、福正鉱
                 業、大勢門鉱業、大富産業の各会社が創業するが、昭和38年までに全山廃止）
昭和 2年    1月      篠栗村、町制を施行して篠栗町と改称
昭和10年   12月      旧博多駅から篠栗までバス開通、九州バス株式会社と篠栗バス合併運行
昭和18年    4月      西鉄バスと合併運行
昭和25年    5月      若杉山など太宰府県立自然公園に制定
昭和28年            集中豪雨による大災害発生
昭和30年    4月      篠栗町と勢門村が合併し篠栗町が発足
        10月      第８回国勢調査（人口14,940人）
昭和31年    4月      篠栗・勢門両中学校合併
        11月      筑穂町の一部（内住）編入
昭和32年    8月      金剛頂院「木造不動明王立像」、太祖神社「石造狛犬」福岡県有形文化財（彫刻）
                 に指定
昭和33年       5月   篠栗上水道給水開始
昭和35年       4月   篠栗中学校体育館竣工（昭和54年３月改築）
                 「太祖神楽」福岡県無形文化財に指定（昭和51年４月福岡県無形民俗文化財に指定）
         7月      篠栗町役場勢門支所廃止
        10月      第９回国勢調査（人口14,039人）
昭和36年    3月      仏舎利殿完成
         4月      明治保育園開園
昭和37年    7月      遍照院「木造庚申尊天立像、両脇侍共」福岡県有形民俗文化財に指定
昭和38年    4月      産炭地振興事業で豊鋼材株式会社を誘致
昭和39年    8月      篠栗字長尾に焼却場建設（平成15年3月クリーンパークわかすぎ竣工に伴い廃止）
昭和40年    4月      篠栗町合併10周年記念式典挙行
                 行政区の一部変更により「池の端区」を設置
        10月      第10回国勢調査（人口14,018人）
昭和42年    6月      「町政だより」発刊
昭和43年    5月      篠栗線延長（篠栗～桂川）
昭和44年    3月      中央公民館竣工
                 （平成５年４月クリエイト篠栗竣工に伴い廃止、同年11月篠栗町保健センター、平成
                 ７年10月歴史民俗資料室になる）
昭和45年    7月      町民プール完成
        10月      第11回国勢調査（人口14,855人）
        12月      都市計画区域決定
昭和46年    3月      町営住宅（金出区）建設４ヵ年計画、初年度18戸竣工
         4月      篠栗幼稚園開園
                 第１次篠栗町総合計画策定
         6月      赤痢患者集団発生
        10月      農業振興地域の指定を受ける
昭和47年    4月      勢門幼稚園開園
                 敬老年金、身体障害者福祉年金支給始まる
                 「町政だより」を「広報ささぐり」に改題
昭和48年       1月   老人医療制度発足

                                                      13
     年   月                      項      目
          4月      国土調査始まる
          5月      篠栗町民体育館竣工
          7月      集中豪雨による大災害発生、激甚災害の指定を受ける（死者６人）
昭和49年     8月      全国高等学校総合体育大会（フェンシング大会）開催
昭和50年    10月      第12回国勢調査（人口16,930人）
         11月      篠栗町合併20周年記念式典挙行
                  新町章決まる
昭和51年     4月      町民憲章制定
         12月      和田区部木原に福岡東鉄工団地が完成
昭和52年     4月      すぎのこ児童館（北勢門校区）開設
         11月      町花シュンラン、町木スギ、町鳥キジバトを制定
昭和53年     3月      太祖神社の大スギ２本（１号木、２号木）福岡県天然記念物に指定
          4月      北勢門小学校開校
                  やまばと児童館（篠栗校区）開設
          7月      篠栗町勤労者体育センター（武道館）竣工
         12月      米の山に遊歩道と展望台完成
昭和54年     3月      篠栗町町歌、篠栗音頭完成
                  篠栗中学校改築
             4月   鳴淵ダム建設決定
                  篠栗町庁舎移転新築
          9月      滋賀県神崎郡能登川町と姉妹都市締結
昭和55年     3月      篠栗小学校改築
         10月      第13回国勢調査（人口19,662人）
昭和56年     8月      人口２万人を超える
                  勢門小学校改築
昭和57年     4月      北勢門幼稚園開園
          8月      筑豊トンネル貫通
         12月      篠栗町国土利用計画策定
昭和58年     4月      第２次篠栗町総合計画策定
昭和59年     4月      たけのこ児童館（勢門校区）開設
          6月      篠栗駅開業80周年記念
          7月      老松神社の大樟、町天然記念物（1号）に指定
昭和60年     2月      八木山バイパス開通
                  八木山バイパスに花観音完成
         10月      第14回国勢調査（人口22,114人）
         11月      篠栗町合併30周年記念式典挙行
昭和61年     3月      篠栗四国霊場開山150年大祭
          4月      篠栗北中学校開校
          7月      国道201号福岡東バイパス粕屋和田間（1,100m）供用開始
         10月      中部消防署開設
昭和62年     3月      篠栗町社会体育館竣工
平成 2年     2月      多々良川流域下水道工事着手（篠栗町面整備）
         10月      とびうめ国体（フェンシング大会）開催
                  国道201号福岡東バイパス開通
                  第15回国勢調査（人口23,267人）
平成 4年        3月   篠栗小学校萩尾分校改築
平成 5年        4月   篠栗町総合センター「クリエイト篠栗」竣工
                  鳴淵ダム「地域に開かれたダム」の指定を受ける
                  第3次篠栗町総合計画策定
         11月      篠栗町保健センター開設（平成12年４月オアシス篠栗竣工に伴い廃止）
14
  年     月                       項      目
平成 6年   10月       老松神社の大樟、町天然記念物（２号）に指定
平成 7年    3月       パラグライダー世界選手権大会（米ノ山）
         9月       南蔵院釈迦涅槃像開眼供養
        10月       第16回国勢調査（人口26,314人）
                  篠栗町合併40周年記念式典挙行
                  歴史民俗資料室開室
平成 8年       4月    公共下水道供用開始
                  行政区の変更により「ベンタナヒルズ区」を設置
        10月       鳴淵ダム定礎式
平成 9年    3月       資源選別処理施設完成
         8月       JR篠栗線・筑豊本線電化工事始まる
平成11年    3月       若杉観音堂「木造千手観音立像・木造阿弥陀如来立像」福岡県有形文化財に指定
平成12年    4月       篠栗町総合保健福祉センター「オアシス篠栗」竣工
                  篠栗敬光園民間移譲
        10月       第17回国勢調査（人口29,389人）
平成13年    1月       明治保育園移転新築「栗の子保育園」に改称
         4月       篠栗北中学校給食開始
                  篠栗町総合運動公園「カブトの森公園」竣工
                  篠栗町立体駐車場「セントラルパーク」竣工
         7月       町内６ヵ所に空き缶・ペットボトル回収処理機を設置
        10月       ＪＲ篠栗線・筑豊本線電化開業、愛称「福北ゆたか線」
平成14年    3月       若杉山巨木杉群一帯を「大和の森」と命名、最大の杉を「大和の大杉」と命名
                  篠栗幼稚園移転新築
         4月       篠栗中学校給食開始
         8月       人口３万人を超える
         9月       鳴淵ダム竣工
        11月       森林マラソン誘致
平成15年    1月       大分県上津江村（現 大分県日田市）の森林購入
         3月       第4次篠栗町総合計画策定
                  第2次篠栗町国土利用計画策定
                  広域ごみ処理施設「クリーンパークわかすぎ」竣工
            6月    たけのこ児童館移転新築
            7月    すぎのこ児童館移転新築
平成16年       3月    篠栗町葬祭場「天空会館」竣工
                  勢門幼稚園移転新築
        10月       篠栗駅開業100周年
平成17年    2月       石井坊木造不動明王及二童子象が福岡県有形文化財（彫刻）に指定
         3月       福岡県西方沖地震（篠栗町震度５弱）発生 若杉観音堂木造千手観音立像等被災
                  篠栗町合併50周年記念体育館竣工
        10月       第18回国勢調査（人口30,989人）
        11月       篠栗町合併50周年記念式典挙行
平成18年    1月       滋賀県神埼郡能登川町と姉妹都市締結解消
         2月      「萩尾神社の社叢林」 「
                            、金出宝満宮の社叢林」「
                                       、金出天神森の大樟（１号木、２号木）
                                                        」
                  を町天然記念物に、「若杉向ノ山経塚出土品」を町有形文化財（考古資料）に指定
            4月    やまばと児童館移転新築
                  弘法大師ご留錫1200年法要
         5月       「篠栗町新行政改革大綱及び実施計画」が策定
         9月       糟屋郡６町の合併構想対象市町村に指定
        12月       筑前山手駅壁画除幕式
平成19年    1月       「磐戸ふたたび」が総務大臣賞を受賞
                                                       15
     年   月                       項      目
              4月 JR篠栗駅にエレベーター設置によりバリアフリー化
             12月 糟屋６町の合併構想は否決となり白紙に戻る
平成20年         3月 「サントリー第４回全国小学生タグラグビー選手権大会」でRED TAG HUNTERS
                 が優勝
              5月 霊峰若杉山の伏流水で仕込んだ本格米焼酎「篠栗伝説」が完成
              9月 「篠栗九大の森」整備構想が始動
平成21年         2月 「木の実の里」構想が始まる
                 「サントリー第５回全国小学生タグラグビー選手権大会」でRED TAG HUNTERS
                 が２連覇
              3月 森林セラピー基地に認定
                 「こども発達支援センター・さくら保育園」が完成
              7月 集中豪雨による大災害発生（死者2人）
              8月 北勢門小学校で「アビ芝プロジェクト」を実施
平成22年         4月 「篠栗町協働のまちづくり事業補助金制度」が開始
                 篠栗町介護支援ボランティア制度開始（福岡県内初）
              6月 篠栗小学校運動場の芝生化
              7月 「篠栗九大の森」がオープン
              9月 「森林セラピー基地篠栗」がオープン
             10月 第19回国勢調査（人口31，327人）
平成23年         6月 勢門小学校運動場の芝生化
              7月 「災害時要援護者避難支援プラン」を策定
平成24年         4月 篠栗町地域包括支援センター、   「オアシス篠栗」に設置
                 商工会のキャラクター「くりみん」が誕生
              8月 ８月８日を篠栗町の「観光の日」とする
             11月 町道下町若杉線開通          まちしるべ

平成25年         4月 篠栗町総合計画「ささぐりみんなの道標」を実施
             12月 一般社団法人篠栗町観光協会設立
             12月 お笑いコンビ「パンクブーブー」の黒瀬純さんと「バッドボーイズ」の佐田正樹さんに
                 「篠栗町ふるさと観光大使」を委嘱
平成26年         2月 RKB毎日放送「今日感テレビ」の企画「住みたい街総選挙」で１位に選ばれる
              3月 九州大学農学部附属演習林福岡演習林内の珪化木群が、    「篠栗の埋没化石林」とし
                 て福岡県指定天然記念物に指定
              4月 若杉「石井坊」を町指定史跡名勝天然記念物に指定
              9月 議会にタブレット端末を導入
平成27年         5月 第66回福岡県植樹祭にて、 「第1回福岡県木造・木質化建築賞」木質化の部で優秀
                 賞を受賞。




16
